i0jxk1l1m0n0p0 0.05572809    [-1, 3, 4, -5, -6, -7]
i0jxk1l1mxnxp1 0.14589803    [-1, 3, 4, 7]
i0jxkxl0m0nxp1 0.14589803    [-1, -4, -5, 7]
i1j1kxl0m0nxpx 0.14589803    [1, 2, -4, -5]
i1j1kxlxm1n1px 0.14589803    [1, 2, 5, 6]
i1jxk1l1m1n0p0 0.05572809    [1, 3, 4, 5, -6, -7]
ixj0k0lxm1n1px 0.14589803    [-2, -3, 5, 6]
ixj0k0lxmxn0p0 0.14589803    [-2, -3, -6, -7]



cnf = [[-1, 3, 4, -5, -6, -7], [-1, 3, 4, 7], [-1, -4, -5, 7], [1, 2, -4, -5], [1, 2, 5, 6], [1, 3, 4, 5, -6, -7], [-2, -3, 5, 6], [-2, -3, -6, -7]]

1 2
-2 -3
3 4
-4 -5
5 6
-6 -7
7 -1
[('i1', 'j1'),('j0', 'k0'), ('k1', 'l1'), ('l0', 'm0'), ('m1', 'n1'), ('n0', 'p0'), ('p1', 'i0') ]


################################ 5 var, 4 cnf = 
i0j0k0lxm1 0.14589803
i0jxkxlxm1 0.38196601
i1j1kxl1mx 0.23606798
i1jxk1l1m0 0.14589803
i1jxk1l1m1 0.14589803
ixj0k0l0m0 0.14589803
ixjxkxl0m0 0.38196601

########################## 7 var, 4cnf = 1.02
i0jxk1l1mxnxp1 0.14589803   [-1, 3, 4, 7]
i0jxkxl0m0nxp1 0.14589803	[-1, -4, -5, 7]
i1j1kxl0m0nxpx 0.14589803	[1, 2, -4, -5]
i1j1kxlxm1n1px 0.14589803	[1, 2, 5, 6]
ixj0k0lxm1n1px 0.14589803   [-2, -3, 5, 6]
ixj0k0lxmxn0p0 0.14589803   [-2, -3, -6, -7]
ixjxk1l1mxn0p0 0.14589803   [3, 4, -6, -7]


############################ 7 var, 6 cnf = 0.98
i0jxk1l1m0n0p0 0.05572809    [-1, 3, 4, -5, -6, -7] 
i0jxk1l1mxnxp1 0.14589803    [-1, 3, 4, 7] 
i0jxkxl0m0nxp1 0.14589803    [-1, -4, -5, 7] 
i1j1kxl0m0nxpx 0.14589803    [1, 2, -4, -5] 
i1j1kxlxm1n1px 0.14589803    [1, 2, 5, 6] 
i1jxk1l1m1n0p0 0.05572809    [1, 3, 4, 5, -6, -7] 
ixj0k0lxm1n1px 0.14589803    [-2, -3, 5, 6] 
ixj0k0lxmxn0p0 0.14589803    [-2, -3, -6, -7]



